3,2
3,1
3,3
10,140
10,224
10,220
10,116
10,216
10,226
10,14
10,2
10,3
11,14
11,20
11,26
9,7
9,2
9,3
8,11
8,13
8,14
8,12
8,8
8,2
8,3
152,5
152,4
152,3
152,2
152,1
152,0
149,3
149,2
149,1
149,0
148,4
148,3
148,2
148,1
148,0
146,3
146,2
146,1
146,0
145,2
145,0
144,5
144,4
144,3
144,2
144,1
144,0
142,3
142,2
142,1
142,0
141,3
141,2
141,1
141,0
140,4
140,3
140,2
140,1
140,0
137,4
137,3
137,2
137,1
20,3
20,2
20,1
19,3
19,2
19,1
2,1
18,3
2,3
18,1
14,3
14,1
13,3
13,1
12,3
12,2
12,1
11,28
11,27
11,25
11,23
11,22
11,21
11,19
11,18
11,17
11,16
11,13
11,11
11,10
11,9
11,8
11,7
11,6
11,5
11,3
11,2
11,1
10,307
10,297
10,293
10,289
10,280
10,259
10,253
10,247
10,239
10,234
